 calls=          44 f/ubound   1.0294288246620182     
 calls=         110 f/ubound   1.1603654555054956     
 calls=         469 f/ubound   83.216093939794362     
